X = [    1              400          0.4836             199        0
    2              600          0.4836             199        1
    3              800          0.4836             199        2
    4             1000          0.4836             198        3
    5             1200          0.4478             192        0
    6             1400          0.4478             186        1
    7             1600          0.4478           177.1        2
    8             1800          0.4436           155.1        0
    9             2000          0.4191           135.2        0
   10             2200          0.4191           118.2        1
   11             2400          0.3639           97.23        0
   12             2600          0.2727           76.28        0
   13             2800          0.2711           56.31        0
   14             3000          0.2368           59.28        0
   15             3200          0.1961           53.26        0
   16             3400          0.1843           57.22        0
   17             3600          0.1843            58.2        1
   18             3800          0.1792           46.21        0
   19             4000          0.1756           35.21        0
   20             4200          0.1529           41.19        0
   21             4400          0.1486           51.16        0
   22             4600          0.1478           49.15        0
   23             4800          0.1478           47.15        1
   24             5000          0.1448           42.15        0
   25             5200           0.144           43.15        0
   26             5400           0.144           43.14        0
   27             5600           0.144           46.13        1
   28             5800           0.144           41.14        2
   29             6000          0.1375           19.16        0
   30             6200          0.1362           17.16        0
   31             6400           0.136           27.14        0
   32             6600          0.1351           44.13        0
   33             6800          0.1351           48.12        1
   34             7000          0.1351           30.13        2
   35             7200          0.1351           16.14        3
   36             7400          0.1351           11.14        0
   37             7600          0.1347            5.15        0
   38             7800          0.1322           14.14        0
   39             8000          0.1298           30.13        0
   40             8200          0.1298           40.12        1
   41             8400          0.1297           35.13        0
   42             8600          0.1297           33.13        1
   43             8800          0.1297           36.12        2
   44             9000          0.1297           22.14        0
   45             9200          0.1297           24.13        1
   46             9400          0.1297           15.14        2
   47             9600          0.1272           6.141        0
   48             9800           0.126           2.143        0
   49            10000           0.126           17.13        0
   50            10200          0.1256           28.12        0
   51            10400          0.1256           38.12        1
   52            10600          0.1255           41.12        0
   53            10800          0.1255           39.12        1
   54            11000          0.1255           35.12        2
   55            11200          0.1255           22.13        3
   56            11400          0.1246           13.13        0
   57            11600          0.1244           8.136        0
   58            11800          0.1243           18.12        0
   59            12000          0.1242           33.11        0
   60            12200          0.1242           37.12        1
   61            12400          0.1242           32.12        2
   62            12600          0.1242           20.13        3
   63            12800          0.1242            7.13        0
   64            13000          0.1242           7.128        0
   65            13200          0.1242           14.13        0
   66            13400          0.1242           32.12        1
   67            13600          0.1242           37.11        0
   68            13800          0.1242           40.11        1
   69            14000          0.1242           39.12        2
   70            14200          0.1242           25.12        3
   71            14400          0.1242           12.13        4
   72            14600           0.124           6.127        0
   73            14800           0.124           1.131        1
   74            15000           0.124          0.1278        2
   75            15200          0.1239          0.1266        0
   76            15400          0.1239          0.1259        0
   77            15600          0.1239          0.1274        1
   78            15800          0.1239          0.1261        2
   79            16000          0.1239          0.1254        3
   80            16200          0.1239          0.1247        0
   81            16400          0.1239          0.1245        0
   82            16600          0.1239          0.1249        1
   83            16800          0.1239          0.1245        0
   84            17000          0.1239          0.1249        1
   85            17200          0.1239          0.1245        0
   86            17400          0.1239          0.1249        0
   87            17600          0.1239          0.1277        1
   88            17800          0.1238           0.126        0
   89            18000          0.1238          0.1273        1
   90            18200          0.1238          0.1262        0
   91            18400          0.1238          0.1279        0
   92            18600          0.1238           5.131        0
   93            18800          0.1238           19.12        1
   94            19000          0.1238           9.135        2
   95            19200          0.1238           5.131        0
   96            19400          0.1238           4.134        1
   97            19600          0.1238           2.131        0
   98            19800          0.1238            6.13        0
   99            20000          0.1238           24.12        0
  100            20200          0.1238           31.12        0
  101            20400          0.1238           49.11        1
  102            20600          0.1238           49.11        2
  103            20800          0.1238           31.12        3
  104            21000          0.1238           18.12        4
  105            21200          0.1238           7.129        5
  106            21400          0.1238           3.127        6
  107            21600          0.1238           1.126        7
  108            21800          0.1238          0.1253        8
  109            22000          0.1238          0.1242        0
  110            22200          0.1238           0.124        0
  111            22400          0.1238           0.124        0
  112            22600          0.1238          0.1241        0
  113            22800          0.1238          0.1245        0
  114            23000          0.1238          0.1262        1
  115            23200          0.1238          0.1257        0
  116            23400          0.1238           0.127        0
  117            23600          0.1238           1.133        1
  118            23800          0.1238            1.13        2
  119            24000          0.1238          0.1272        3
  120            24200          0.1238          0.1257        4
  121            24400          0.1238          0.1248        0
  122            24600          0.1238          0.1242        1
  123            24800          0.1238           0.124        0
  124            25000          0.1238          0.1241        0
