X = [1              400             200             200        0
    2              600             200             200        1
    3              800             200             200        2
    4             1000             200             200        3
    5             1200             200             200        4
    6             1400             200             200        5
    7             1600             200             200        6
    8             1800             200             200        7
    9             2000             200             200        8
   10             2200          0.2487             199        0
   11             2400          0.2487             198        1
   12             2600          0.2487             195        2
   13             2800          0.2487             185        3
   14             3000          0.2487             171        4
   15             3200          0.2486             160        0
   16             3400          0.2486           143.1        0
   17             3600          0.1649           115.1        0
   18             3800          0.1642           83.14        0
   19             4000          0.1641           55.16        0
   20             4200          0.1637           32.17        0
   21             4400          0.1628           16.17        0
   22             4600          0.1585           13.17        0
   23             4800          0.1585           5.171        0
   24             5000           0.146           7.168        0
   25             5200          0.1443           15.16        0
   26             5400          0.1412           21.16        0
   27             5600          0.1352           28.15        0
   28             5800           0.134           33.14        0
   29             6000           0.134           40.13        1
   30             6200          0.1333           30.14        0
   31             6400          0.1311           33.13        0
   32             6600          0.1311           37.13        0
   33             6800          0.1306           53.12        0
   34             7000          0.1306           48.12        0
   35             7200          0.1304           56.11        0
   36             7400          0.1304           48.12        1
   37             7600          0.1303           40.13        0
   38             7800          0.1303           35.13        1
   39             8000          0.1303           26.13        0
   40             8200          0.1303           31.13        0
   41             8400          0.1302           41.12        0
   42             8600          0.1302           35.13        0
   43             8800          0.1302           43.12        1
   44             9000          0.1302           41.12        2
   45             9200          0.1297           16.14        0
   46             9400          0.1297           23.13        1
   47             9600          0.1295           11.14        0
   48             9800          0.1294           18.13        0
   49            10000          0.1294           21.13        1
   50            10200          0.1293           20.13        0
   51            10400          0.1292           34.12        0
   52            10600          0.1273           44.12        0
   53            10800          0.1261           51.11        0
   54            11000          0.1261           52.11        1
   55            11200          0.1251           44.12        0
   56            11400          0.1251           41.12        0
   57            11600          0.1251           43.12        1
   58            11800          0.1251           38.12        2
   59            12000          0.1251           22.13        3
   60            12200          0.1251           11.14        4
   61            12400          0.1251            8.13        5
   62            12600          0.1249           3.131        0
   63            12800          0.1249           1.129        0
   64            13000          0.1247            0.13        0
   65            13200          0.1246            5.13        0
   66            13400          0.1246           14.13        0
   67            13600          0.1244           26.12        0
   68            13800          0.1244           39.11        1
   69            14000          0.1244           30.12        2
   70            14200          0.1244           16.13        3
   71            14400          0.1244           5.135        4
   72            14600          0.1243          0.1322        0
   73            14800          0.1243            1.13        1
   74            15000          0.1242           1.128        0
   75            15200          0.1242           1.128        1
   76            15400          0.1242           1.126        0
   77            15600          0.1242           1.127        1
   78            15800          0.1242          0.1267        0
   79            16000          0.1241          0.1276        0
   80            16200          0.1241           4.131        1
   81            16400          0.1241           3.129        2
   82            16600          0.1241           2.126        3
   83            16800          0.1241          0.1267        4
   84            17000          0.1241          0.1258        0
   85            17200          0.1241           0.125        0
   86            17400          0.1241          0.1254        0
   87            17600          0.1241           0.127        0
   88            17800          0.1241            4.13        0
   89            18000          0.1241           25.12        0
   90            18200           0.124           38.11        0
   91            18400           0.124            51.1        0
   92            18600           0.124           63.09        0
   93            18800           0.124            63.1        0
   94            19000           0.124           75.09        0
   95            19200           0.124           69.09        0
   96            19400           0.124            60.1        1
   97            19600           0.124            58.1        2
   98            19800           0.124           27.13        3
   99            20000           0.124           16.13        4
  100            20200           0.124           5.132        5
  101            20400           0.124          0.1335        0
  102            20600           0.124          0.1295        1
  103            20800          0.1239          0.1271        0
  104            21000          0.1239          0.1251        0
  105            21200          0.1239          0.1266        1
  106            21400          0.1239          0.1258        0
  107            21600          0.1239          0.1269        0
  108            21800          0.1239           3.132        0
  109            22000          0.1239           26.11        1
  110            22200          0.1239           9.136        2
  111            22400          0.1239            5.13        0
  112            22600          0.1239           2.134        1
  113            22800          0.1239          0.1335        2
  114            23000          0.1239          0.1296        3
  115            23200          0.1239          0.1263        4
  116            23400          0.1239          0.1253        0
  117            23600          0.1238          0.1248        0
  118            23800          0.1238          0.1248        0
  119            24000          0.1238          0.1272        0
  120            24200          0.1238            4.13        0
  121            24400          0.1238           23.12        1
  122            24600          0.1238           15.13        0
  123            24800          0.1238           27.12        1
  124            25000          0.1238           15.13        2
